CDF97COL - 64x64 


 156.856598,  177.874710,  180.901459,  183.928238,  192.013382,  195.118362,  198.206497,  201.294617,  169.334869,  110.432289,  112.908447,  115.306396,  1.688544,  2.544499,  3.934181,  5.056999,  3.305552,  4.833681,  6.964760,  9.698789,  21.972250,  25.631128,  29.823732,  34.283203,  40.494709,  44.553825,  48.723366,  52.892902,  50.724258,  54.577740,  58.458851,  62.261738,  66.479034,  70.372055,  74.318573,  78.335449,  82.308708,  86.308723,  90.308746,  94.308746,  98.282021,  102.282028,  106.282043,  110.282059,  114.282074,  118.282082,  122.282104,  126.282104,  130.282120,  134.282150,  138.282150,  142.282166,  146.282181,  150.282181,  154.282211,  158.282227,  162.282227,  166.282242,  170.282272,  174.282272,  176.008820,  180.008835,  202.000198,  206.000214, 

 177.621490,  43.943020,  48.943031,  53.943050,  57.201088,  62.174355,  67.147614,  72.120880,  79.398857,  23.053852,  28.087595,  33.148083,  53.368530,  58.646828,  63.891399,  69.152832,  65.723053,  69.743713,  73.686157,  77.550369,  26.839451,  28.222643,  30.139561,  26.171133,  -7.066734,  -1.063399,  2.533953,  6.131306,  31.710485,  37.258945,  43.005051,  49.354107,  55.722748,  62.160686,  68.442177,  74.300354,  76.851082,  82.667931,  88.417328,  94.166725,  100.532600,  106.398872,  112.345398,  118.318657,  124.318672,  130.308807,  136.308823,  142.308838,  148.308853,  154.308868,  160.282135,  166.282135,  172.282166,  178.282181,  184.282196,  190.282211,  196.282227,  202.282227,  208.282257,  214.282272,  176.894882,  186.773651,  47.942974,  53.942989, 

 11.564250,  36.555614,  43.555634,  50.555649,  57.555668,  64.555679,  71.555702,  78.555717,  85.555733,  96.434502,  103.434509,  110.434532,  112.215225,  119.134995,  126.054771,  132.974548,  140.619598,  147.660324,  154.727798,  161.822006,  176.159668,  181.337814,  188.755692,  214.148056,  177.869476,  122.072754,  127.481476,  132.890182,  6.251268,  8.161698,  10.950944,  13.661966,  10.316424,  13.571204,  18.031879,  23.431591,  43.119236,  50.557285,  59.062782,  67.568283,  77.103004,  85.652893,  87.815903,  96.052902,  103.166550,  110.758133,  118.470894,  126.166786,  134.491089,  142.347473,  150.372223,  158.345490,  166.318756,  174.318756,  182.292038,  190.308914,  198.308929,  206.308960,  214.308960,  222.308990,  30.225025,  -23.153700,  20.829018,  28.829035, 

 37.734524,  40.555580,  49.555599,  62.434364,  71.434380,  74.282181,  83.282204,  92.282219,  101.282242,  110.282265,  119.282280,  128.282288,  137.282318,  146.282333,  155.282349,  164.282364,  173.282394,  182.282394,  191.282425,  200.282455,  206.738007,  172.216904,  184.961914,  48.997494,  60.888397,  8.557351,  17.658552,  26.759758,  53.259453,  62.884373,  72.431953,  82.006287,  74.257660,  81.367317,  88.320526,  95.134155,  31.402174,  33.839840,  37.344971,  40.850090,  5.829485,  7.674121,  31.592421,  38.122322,  53.124340,  61.582150,  71.977234,  82.639183,  93.200867,  103.595840,  113.341843,  123.612572,  129.293381,  139.036972,  148.774460,  158.149994,  168.544662,  178.357422,  188.294067,  198.267334,  230.188919,  178.810196,  43.979527,  53.952793, 

 44.928047,  55.979549,  66.979568,  16.574093,  27.574108,  56.565479,  67.582367,  78.582382,  93.461151,  104.461166,  115.461189,  120.282249,  131.282257,  142.282288,  153.282318,  164.282318,  175.282349,  186.282379,  197.282379,  208.282410,  219.282425,  30.225224,  -20.153507,  26.829212,  41.707981,  56.586746,  61.434551,  72.434570,  77.412819,  88.225586,  99.038368,  109.851151,  122.109131,  133.163818,  144.272003,  155.433685,  176.050583,  187.848816,  199.579605,  211.310379,  170.703079,  133.696365,  3.437366,  11.778626,  10.797129,  13.857122,  17.889482,  22.188709,  17.249075,  21.963634,  29.435081,  37.431255,  64.533089,  75.750305,  87.698883,  100.250420,  114.581123,  121.202705,  133.396744,  145.701202,  149.267990,  164.853683,  194.450821,  206.134796, 

 184.726227,  196.881699,  209.477600,  160.739227,  174.214142,  48.311806,  60.964722,  73.937988,  25.549379,  38.522655,  51.522675,  82.592270,  95.565544,  108.565567,  125.444336,  138.444366,  151.461243,  158.309052,  171.309082,  184.309082,  197.309128,  232.152496,  183.773758,  51.943089,  3.564361,  16.564386,  47.555756,  60.555779,  77.434547,  90.434570,  103.434586,  110.282394,  123.282425,  136.282440,  149.282455,  162.282486,  171.935593,  184.694885,  197.454163,  210.213440,  226.717285,  -3.665684,  27.467581,  44.514992,  53.150372,  67.095177,  80.999260,  94.886490,  82.819023,  93.034538,  102.893547,  112.701080,  35.948036,  39.440178,  44.344864,  49.455055,  12.762136,  40.476982,  42.314453,  51.776897,  73.668373,  86.775169,  95.330933,  109.435974, 

 73.745255,  87.405556,  102.924896,  122.253769,  138.759552,  172.464874,  187.709503,  196.912354,  149.474304,  164.196106,  178.738495,  53.982594,  69.589226,  84.321762,  37.879662,  52.826183,  67.532593,  100.540833,  115.514107,  130.514145,  149.392899,  158.292191,  177.170959,  210.162338,  157.631393,  172.631424,  48.969822,  63.969849,  17.591122,  32.591148,  47.591171,  80.555801,  95.555824,  114.434593,  129.434616,  144.434631,  153.282440,  168.282455,  183.282486,  198.282501,  213.282547,  50.095432,  58.943241,  12.564518,  44.883862,  59.589649,  78.174179,  92.879967,  103.598671,  118.667320,  133.842972,  149.045364,  175.941513,  192.086365,  208.120148,  224.163834,  179.264435,  -9.049647,  20.388823,  35.541378,  15.438076,  19.457457,  25.078020,  30.776814, 

 27.962051,  32.429962,  38.180714,  44.543415,  21.999615,  22.418795,  32.891617,  62.544823,  92.911507,  102.230949,  119.906738,  155.918961,  171.978928,  190.071732,  145.971359,  163.438354,  175.867996,  53.529598,  70.113579,  86.568741,  42.771912,  58.969837,  75.906479,  86.700790,  125.544174,  142.517441,  177.258835,  198.110840,  153.732132,  170.732147,  181.553207,  59.952980,  76.953011,  32.574284,  49.574306,  66.574333,  101.582573,  118.582603,  139.461380,  156.461395,  173.461426,  200.000366,  217.000397,  172.621674,  50.943218,  67.943245,  23.564520,  40.564545,  75.555923,  92.555946,  113.434715,  130.434738,  137.133194,  153.785477,  170.437775,  187.090057,  208.206802,  181.895050,  60.399185,  16.256561,  55.288010,  77.484932,  95.701912,  107.739944, 

 120.589066,  133.806503,  153.118576,  172.370178,  139.576340,  153.692200,  167.321869,  42.116608,  -8.265791,  14.747456,  25.171059,  25.803816,  27.078346,  34.779930,  50.314041,  62.839226,  98.434906,  134.123581,  153.086014,  173.451965,  132.772049,  152.185211,  165.345078,  184.845810,  63.504990,  82.153519,  93.919838,  51.037846,  74.552017,  93.247917,  130.210526,  166.562317,  185.535599,  143.130127,  166.008896,  184.999039,  65.053726,  77.901535,  35.522820,  54.496098,  73.496124,  104.413521,  123.413536,  146.292313,  187.162445,  206.162460,  163.800613,  176.648422,  56.969967,  75.970001,  33.591278,  52.564560,  89.555939,  108.555962,  127.555992,  150.434769,  169.434784,  180.009140,  217.000504,  174.621796,  53.468842,  10.688892,  29.287687,  65.877831, 

 39.351490,  76.914886,  96.486938,  119.937737,  143.544495,  163.617218,  177.698227,  215.976288,  175.849243,  58.713722,  18.803497,  40.255157,  53.955875,  73.478119,  88.590927,  97.456421,  32.586136,  31.921696,  39.072010,  46.944702,  26.685549,  35.035061,  66.148056,  84.018257,  132.299835,  145.398453,  166.870270,  127.144135,  148.000092,  170.049927,  52.459404,  67.653023,  83.479599,  107.970253,  66.990265,  87.166672,  126.596939,  165.240585,  124.771729,  145.796478,  166.786636,  52.357224,  73.330505,  94.330528,  47.789715,  62.637535,  87.249443,  126.240822,  165.205460,  186.205475,  145.826767,  170.783768,  53.105312,  74.105339,  88.953148,  48.574436,  69.591331,  108.582710,  123.430527,  148.309296,  191.179428,  150.773956,  171.773987,  47.943317, 

 170.800735,  54.122280,  69.943352,  30.564638,  52.564667,  74.564697,  114.556076,  130.403900,  159.623123,  199.133026,  159.272842,  174.639160,  59.934536,  20.635500,  42.902451,  83.187500,  116.574493,  144.196259,  167.811356,  191.402588,  148.137711,  165.315811,  43.216412,  -1.678348,  -9.872144,  14.195577,  22.078634,  38.314278,  44.068707,  47.077862,  79.399261,  94.563370,  137.556381,  158.696777,  121.196312,  144.738510,  163.228119,  42.826088,  70.162613,  93.127853,  113.328728,  92.594826,  115.035179,  137.346725,  99.521751,  140.155518,  162.798553,  47.039856,  67.834755,  90.808044,  117.660080,  78.678398,  113.517570,  136.507721,  177.499100,  139.120392,  161.853546,  50.027100,  73.027122,  96.027153,  45.344013,  72.301010,  95.301041,  154.283783, 

 82.222809,  124.214188,  166.283798,  128.905075,  152.905121,  180.783890,  66.105446,  90.122345,  46.591412,  64.439232,  92.318008,  134.309387,  176.274033,  138.895309,  166.774094,  52.095634,  65.927826,  28.014132,  51.479183,  74.944244,  121.155281,  145.241974,  191.412750,  154.361420,  181.892380,  62.951267,  88.749550,  53.108612,  44.525883,  81.266594,  93.194336,  115.040215,  37.148865,  37.600254,  50.139297,  59.428410,  33.429554,  79.703812,  95.155045,  116.036018,  153.473572,  102.793648,  127.958557,  154.526993,  182.584915,  70.180183,  95.688553,  139.360062,  96.068153,  120.606796,  144.993652,  107.951187,  145.603088,  170.030136,  56.217930,  85.060081,  113.618484,  95.299469,  120.299507,  139.120575,  120.733208,  145.103546,  170.120438,  50.289772, 

 145.733261,  165.581070,  52.289787,  86.047318,  112.047356,  76.668640,  120.660019,  140.214233,  122.826866,  148.826904,  174.826935,  66.027229,  85.953270,  115.832054,  74.301125,  118.292511,  162.283905,  126.922043,  152.922089,  182.800858,  70.122414,  96.122444,  48.412548,  78.291336,  102.950615,  164.344879,  189.756439,  157.667999,  186.254761,  73.669960,  93.825401,  58.807819,  98.474068,  144.528305,  172.483047,  204.256058,  162.841385,  32.135475,  51.725323,  9.736362,  -5.309418,  23.691525,  32.957283,  46.824154,  51.079582,  73.806732,  90.724243,  102.359360,  91.199158,  116.118736,  143.440079,  179.895737,  66.156509,  87.520180,  133.381851,  160.750641,  123.064789,  81.166031,  107.421165,  151.712158,  44.761841,  71.507217,  98.123497,  146.930252, 

 61.788628,  89.377548,  135.114899,  105.578293,  133.524826,  100.119362,  121.957306,  161.607834,  54.781387,  82.781425,  114.633446,  99.262962,  126.660049,  154.660095,  133.120499,  154.968323,  44.263130,  75.875053,  107.753838,  74.375122,  120.366508,  142.214325,  126.905197,  154.905228,  182.905258,  69.953346,  97.953384,  68.470284,  90.318108,  136.309494,  182.300873,  148.922165,  172.077347,  64.635689,  91.993752,  51.820854,  84.653465,  148.736801,  177.078201,  144.094360,  181.783295,  73.341026,  103.442329,  65.988808,  53.060497,  86.737984,  107.794106,  132.633896,  45.590332,  53.248421,  57.156067,  6.559542,  58.336689,  88.174469,  100.069954,  123.538383,  106.675301,  131.022354,  161.103104,  52.436153,  99.669518,  129.537476,  158.907791,  120.857574, 

 110.359650,  141.874161,  159.405441,  67.067337,  94.628990,  127.963234,  156.949478,  64.817444,  113.833549,  143.395721,  115.830353,  77.952324,  107.993942,  137.967239,  44.979923,  74.996826,  123.039688,  156.651611,  125.272903,  93.867439,  117.732132,  159.571289,  54.168655,  84.168686,  118.047485,  104.633369,  134.633408,  102.987823,  144.827011,  168.674820,  59.996380,  97.753914,  127.832176,  114.444817,  144.444855,  124.905273,  154.905319,  40.091518,  73.970306,  107.849091,  74.327156,  115.470863,  144.748688,  130.665863,  163.865555,  59.173454,  89.548584,  58.571709,  98.364990,  130.774506,  181.023590,  151.878754,  165.250549,  49.928165,  72.511917,  27.346899,  3.220158,  29.386944,  40.162685,  73.420471,  69.834503,  82.527382,  95.639145,  54.713409, 

 61.438820,  74.786621,  112.250343,  76.539452,  125.996651,  155.506760,  187.952377,  95.040405,  119.435471,  153.061935,  62.467503,  98.877594,  124.634567,  156.053421,  84.574135,  115.394943,  141.701187,  111.891579,  86.231125,  122.124748,  153.821289,  65.107460,  108.998116,  140.988266,  111.609550,  80.008850,  112.008896,  147.620819,  52.754757,  84.771660,  134.763046,  109.263084,  140.660187,  105.129250,  137.102539,  46.141983,  78.142021,  127.866554,  102.366592,  134.366623,  104.987923,  142.674881,  174.753143,  71.953453,  107.832237,  96.444878,  128.444916,  92.930862,  137.301682,  168.552765,  61.125359,  100.133911,  72.295212,  122.401176,  148.631058,  137.706024,  177.768723,  77.551819,  111.992760,  78.842262,  55.469643,  80.370247,  122.428490,  150.217667, 

 121.683708,  147.344193,  33.517208,  65.840050,  1.359645,  4.050178,  16.112158,  58.416515,  74.943237,  93.033096,  56.454895,  73.238823,  131.253189,  162.652878,  70.415588,  110.033081,  141.082581,  115.175400,  86.589790,  120.551918,  150.709915,  63.405018,  108.380394,  141.225952,  114.900726,  90.384682,  128.093079,  162.046616,  93.375595,  120.946671,  148.767761,  59.983547,  97.957420,  135.809464,  169.887726,  101.191986,  129.013062,  156.594025,  71.732185,  105.732224,  143.611008,  56.923923,  84.168800,  136.133453,  112.633484,  79.102562,  113.102600,  168.705872,  57.875225,  91.875259,  143.866653,  120.366692,  93.066208,  120.914040,  166.753220,  65.953522,  97.007881,  90.713676,  123.911255,  95.730080,  145.381851,  179.503433,  75.214043,  113.562119, 

 59.007431,  94.145897,  151.421936,  125.529388,  104.424942,  154.115311,  191.764175,  84.575371,  83.329376,  49.155613,  79.352127,  117.284264,  38.349686,  47.719673,  76.009903,  27.942743,  74.601906,  87.136024,  66.325333,  90.522247,  147.143646,  192.272049,  84.199860,  121.492088,  160.714127,  136.661011,  112.193954,  148.792740,  50.531128,  103.334335,  138.443863,  116.019615,  91.454292,  130.893188,  166.119919,  75.217224,  129.233353,  159.061401,  75.889091,  115.767868,  151.741165,  67.070938,  121.113815,  144.887650,  58.130196,  101.860985,  137.861038,  34.932587,  106.915337,  136.763168,  166.610992,  83.732285,  122.981377,  158.981415,  68.142120,  122.133514,  158.133560,  68.835770,  104.835815,  144.714600,  53.875305,  89.875343,  143.944962,  122.445007, 

 116.866707,  153.866760,  127.214584,  102.914101,  141.783417,  51.061401,  87.178734,  141.287430,  124.106918,  99.873611,  137.313293,  47.993877,  100.403465,  144.280014,  116.571236,  94.990822,  112.226967,  158.984650,  51.978855,  83.406982,  5.922368,  9.667378,  52.864319,  67.048233,  81.902626,  105.649376,  67.443787,  93.028755,  164.489304,  60.739689,  99.654640,  146.860825,  120.715622,  92.544037,  131.567673,  182.039352,  76.579735,  131.691422,  110.997414,  86.545860,  125.784599,  178.707672,  77.910332,  133.191788,  113.655205,  84.175751,  122.165909,  181.759308,  74.901909,  130.910172,  162.731262,  81.852547,  123.887787,  161.887833,  97.165337,  129.013184,  160.877869,  79.732300,  121.611092,  159.611145,  94.915398,  126.736481,  157.981369,  73.223907, 

 125.763245,  158.584320,  74.826874,  120.981468,  159.981506,  96.285782,  129.133621,  161.981430,  81.835876,  124.714668,  163.714706,  100.018982,  127.379990,  104.143303,  84.707138,  126.649719,  185.310791,  79.632515,  137.114151,  119.167809,  104.342606,  146.540466,  55.527534,  97.428818,  88.011993,  60.779217,  94.013260,  123.055656,  36.743336,  65.176003,  83.215317,  36.530849,  85.173195,  52.512894,  77.125587,  98.024605,  180.379761,  77.899910,  116.447853,  97.544044,  136.477386,  110.486977,  168.854538,  71.265625,  107.188263,  102.470245,  141.222748,  112.393707,  171.677322,  76.039154,  133.911636,  116.348312,  94.276527,  128.097610,  45.205399,  85.178696,  142.876480,  125.393387,  97.879341,  141.731384,  54.892090,  112.961708,  153.013229,  129.361053, 

 83.892136,  142.961761,  126.461807,  99.982361,  144.861160,  59.021858,  118.030121,  159.030167,  74.732384,  115.732437,  160.584488,  74.745186,  133.736588,  106.602715,  90.102760,  134.981567,  37.303123,  114.285873,  142.714630,  60.957172,  106.902771,  146.913132,  84.227684,  118.164032,  163.079575,  85.360245,  126.840637,  168.428040,  100.294395,  138.513351,  121.269676,  107.871025,  126.984154,  35.808529,  66.630096,  97.138771,  4.316015,  33.354153,  66.033295,  79.436859,  92.775391,  52.689804,  72.721519,  118.867554,  185.558075,  89.794601,  136.367462,  118.767166,  151.705429,  146.085190,  49.894863,  96.473602,  71.936333,  131.163376,  121.719841,  162.635132,  70.914276,  116.211586,  114.360245,  94.969635,  142.603104,  45.285099,  91.188614,  155.048874, 

 163.603149,  71.163879,  118.015923,  117.670174,  99.291473,  147.951706,  55.885147,  98.875313,  102.383575,  145.383621,  120.930931,  179.622131,  83.943680,  148.892059,  130.513351,  105.999306,  170.869461,  69.038818,  129.763351,  115.236649,  90.705734,  137.584534,  53.745239,  114.133690,  157.133743,  75.102821,  121.981606,  164.981659,  98.729782,  140.686646,  115.112518,  103.448112,  148.730743,  89.279587,  132.793701,  170.262619,  104.216660,  144.582184,  52.228954,  116.487991,  96.573349,  76.351929,  108.613029,  134.470367,  41.332809,  70.776344,  28.775103,  48.936337,  92.167198,  55.019978,  100.058586,  133.921127,  204.724319,  106.893448,  78.139076,  124.057098,  123.812943,  169.844254,  79.902496,  56.580532,  110.012711,  171.092712,  152.040268,  55.956711, 

 123.076134,  123.750633,  167.653137,  75.818634,  64.683281,  120.948830,  122.114365,  166.818771,  70.803497,  119.672409,  120.655365,  98.175926,  161.157455,  61.273300,  114.030853,  115.376640,  92.835838,  155.827240,  56.013466,  108.849228,  110.435135,  94.056442,  144.743408,  55.021957,  100.038879,  105.530266,  89.151573,  127.999405,  49.745247,  94.745293,  161.615448,  83.858009,  122.705849,  44.142349,  89.142395,  152.133789,  68.488472,  112.391823,  177.898422,  83.123291,  150.643127,  66.906776,  112.454620,  162.039688,  106.320656,  148.886261,  68.441376,  120.734367,  135.518768,  53.637848,  75.139008,  47.201481,  9.010456,  38.981236,  77.117455,  88.041817,  32.255299,  55.258244,  101.701775,  154.497192,  72.198944,  107.887352,  97.472603,  163.271576, 

 77.903320,  57.169960,  105.255203,  166.058395,  154.195953,  64.419746,  44.814213,  92.073792,  167.194305,  151.684387,  62.828747,  46.628590,  92.567764,  174.967010,  160.391174,  72.207756,  51.451572,  96.124664,  179.097534,  164.089142,  70.205582,  59.705635,  118.518074,  122.103981,  168.827286,  74.875389,  64.375443,  129.366852,  126.922379,  167.743454,  79.943779,  69.443832,  134.435242,  131.990768,  172.838608,  85.038925,  92.530327,  139.503616,  118.705856,  177.545059,  89.745369,  97.236771,  144.236816,  123.102959,  46.202881,  92.052734,  98.393951,  82.865051,  126.341553,  56.713516,  122.259705,  108.569527,  100.123856,  148.819733,  60.762535,  129.324585,  115.122070,  84.079933,  117.121933,  13.402428,  70.048981,  76.525261,  35.801750,  51.389084, 

 76.472214,  31.997765,  53.076809,  83.173798,  47.316769,  79.618706,  117.744049,  151.152527,  87.038605,  64.945786,  132.885208,  192.030090,  175.843063,  75.607529,  64.437935,  132.420639,  197.121658,  183.920197,  86.635002,  73.062531,  162.604034,  153.415604,  63.591526,  44.970486,  91.178185,  176.107452,  167.597626,  77.892441,  52.579620,  123.544861,  129.130768,  182.009567,  86.178932,  71.223267,  138.214676,  143.827332,  58.027649,  100.926971,  92.443886,  153.283081,  158.895737,  66.943848,  119.839500,  125.530388,  124.990829,  167.838669,  85.890991,  73.512299,  140.236847,  139.697281,  43.866642,  100.624191,  101.819969,  87.634636,  147.270126,  60.266762,  114.408165,  120.208099,  108.151054,  169.685745,  81.989792,  153.018814,  144.434662,  129.709076, 

 161.376709,  154.113861,  140.455719,  59.461353,  57.486233,  108.126442,  78.110367,  115.251884,  44.106258,  79.467789,  91.043091,  42.547222,  40.849979,  97.891937,  133.844925,  155.450348,  96.776833,  82.389725,  152.245499,  203.410873,  46.240414,  38.323936,  108.033455,  157.689987,  161.869736,  67.179688,  55.292953,  122.975723,  201.406158,  50.747074,  34.087383,  78.818344,  169.626358,  162.634277,  74.919212,  58.361565,  125.079498,  193.536285,  187.036362,  99.331177,  80.526802,  167.482819,  156.854111,  73.027695,  50.344574,  123.214737,  130.878860,  185.757675,  91.943893,  79.291733,  166.274490,  155.912659,  72.112991,  59.539051,  122.378242,  129.964157,  180.964218,  91.012329,  84.245514,  147.084702,  152.955353,  57.867535,  115.367889,  121.120407, 

 55.386059,  113.859680,  121.188400,  128.517120,  178.393372,  95.778069,  105.029823,  157.775970,  161.677216,  76.774353,  132.820496,  145.394913,  110.449158,  -0.171316,  42.749947,  99.470924,  25.791542,  37.581238,  53.846256,  91.710434,  72.345741,  91.916634,  122.685707,  176.656128,  46.806843,  107.527199,  169.305557,  218.508530,  67.809311,  73.922150,  131.285934,  203.319244,  44.207458,  33.812920,  103.337868,  162.716415,  167.755463,  80.621689,  72.019119,  136.819656,  154.126434,  62.337387,  53.398224,  118.227524,  196.949677,  49.865761,  34.826996,  87.800308,  174.509598,  170.009659,  78.169136,  69.523582,  138.241516,  151.706177,  66.027763,  51.548332,  102.274925,  191.257690,  186.774597,  101.096184,  84.308670,  173.291428,  164.912750,  83.191292, 

 161.291443,  153.912750,  73.113075,  53.429955,  129.378342,  139.964249,  59.164574,  107.012421,  96.554459,  123.554176,  176.216797,  87.927467,  87.425972,  177.600082,  170.291275,  80.213715,  82.164398,  158.618271,  155.442108,  68.462807,  59.790413,  119.715439,  98.818733,  -5.894287,  52.547729,  78.977257,  36.931110,  51.162083,  65.578354,  104.277771,  138.519714,  30.531410,  74.734955,  129.212738,  178.341263,  168.588806,  22.555170,  97.414360,  157.681686,  218.841324,  8.955535,  80.144463,  137.441956,  206.477402,  63.130554,  74.052696,  131.889297,  184.577240,  51.295818,  44.880497,  117.656509,  173.985107,  179.418808,  34.334888,  107.343163,  163.397018,  175.009689,  85.179054,  78.773621,  149.508423,  164.732971,  74.902344,  68.523643,  139.188095, 

 0.000000,  0.000000,  0.000000,  0.000000,  0.000000,  0.000000,  0.000000,  0.000000,  0.000000,  0.000000,  0.000000,  0.000000,  0.000000,  0.000000,  0.000000,  0.000000,  0.000000,  0.000000,  0.000000,  0.000000,  0.000000,  0.000000,  0.000000,  0.000000,  0.000000,  0.000000,  0.000000,  0.000000,  0.000000,  0.000000,  0.000000,  0.000000,  0.000000,  0.000000,  0.000000,  0.000000,  0.000000,  0.000000,  0.000000,  0.000000,  0.000000,  0.000000,  0.000000,  0.000000,  0.000000,  0.000000,  0.000000,  0.000000,  0.000000,  0.000000,  0.000000,  0.000000,  0.000000,  0.000000,  0.000000,  0.000000,  0.000000,  0.000000,  0.000000,  0.000000,  0.000000,  0.000000,  0.000000,  0.000000, 

 0.000000,  0.000000,  0.000000,  0.000000,  0.000000,  0.000000,  0.000000,  0.000000,  0.000000,  0.000000,  0.000000,  0.000000,  0.000000,  0.000000,  0.000000,  0.000000,  0.000000,  0.000000,  0.000000,  0.000000,  0.000000,  0.000000,  0.000000,  0.000000,  0.000000,  0.000000,  0.000000,  0.000000,  0.000000,  0.000000,  0.000000,  0.000000,  0.000000,  0.000000,  0.000000,  0.000000,  0.000000,  0.000000,  0.000000,  0.000000,  0.000000,  0.000000,  0.000000,  0.000000,  0.000000,  0.000000,  0.000000,  0.000000,  0.000000,  0.000000,  0.000000,  0.000000,  0.000000,  0.000000,  0.000000,  0.000000,  0.000000,  0.000000,  0.000000,  0.000000,  0.000000,  0.000000,  0.000000,  0.000000, 

 0.000000,  0.000000,  0.000000,  0.000000,  0.000000,  0.000000,  0.000000,  0.000000,  0.000000,  0.000000,  0.000000,  0.000000,  0.000000,  0.000000,  0.000000,  0.000000,  0.000000,  0.000000,  0.000000,  0.000000,  0.000000,  0.000000,  0.000000,  0.000000,  0.000000,  0.000000,  0.000000,  0.000000,  0.000000,  0.000000,  0.000000,  0.000000,  0.000000,  0.000000,  0.000000,  0.000000,  0.000000,  0.000000,  0.000000,  0.000000,  0.000000,  0.000000,  0.000000,  0.000000,  0.000000,  0.000000,  0.000000,  0.000000,  0.000000,  0.000000,  0.000000,  0.000000,  0.000000,  0.000000,  0.000000,  0.000000,  0.000000,  0.000000,  0.000000,  0.000000,  0.000000,  0.000000,  0.000000,  0.000000, 

 0.000000,  0.000000,  0.000000,  0.000000,  0.000000,  0.000000,  0.000000,  0.000000,  0.000000,  0.000000,  0.000000,  0.000000,  0.000000,  0.000000,  0.000000,  0.000000,  0.000000,  0.000000,  0.000000,  0.000000,  0.000000,  0.000000,  0.000000,  0.000000,  0.000000,  0.000000,  0.000000,  0.000000,  0.000000,  0.000000,  0.000000,  0.000000,  0.000000,  0.000000,  0.000000,  0.000000,  0.000000,  0.000000,  0.000000,  0.000000,  0.000000,  0.000000,  0.000000,  0.000000,  0.000000,  0.000000,  0.000000,  0.000000,  0.000000,  0.000000,  0.000000,  0.000000,  0.000000,  0.000000,  0.000000,  0.000000,  0.000000,  0.000000,  0.000000,  0.000000,  0.000000,  0.000000,  0.000000,  0.000000, 

 6.304794,  -14.596436,  -14.505157,  -14.413879,  24.060997,  24.743553,  25.368553,  25.993568,  -120.918503,  -109.879944,  -112.076385,  -114.864120,  4.547023,  4.648214,  6.979577,  8.195856,  7.457699,  8.836687,  9.624407,  9.820854,  1.343941,  0.968941,  0.478848,  -0.068783,  0.490086,  0.273815,  0.182541,  0.091274,  0.091267,  0.091274,  0.000000,  -0.000008,  0.000008,  0.000000,  0.000008,  0.000000,  -0.000015,  0.000000,  0.000000,  0.000000,  -0.000008,  0.000000,  0.000000,  0.000000,  0.000000,  -0.000008,  0.000000,  0.000015,  0.000000,  -0.000015,  0.000000,  0.000000,  0.000000,  0.000000,  0.000000,  0.000015,  0.000000,  -0.000015,  0.000000,  0.000000,  0.000000,  0.000000,  -20.992493,  -20.992493, 

 -7.757502,  128.235001,  128.235001,  128.235016,  122.291046,  122.199791,  122.108521,  122.017227,  129.790054,  -126.564865,  -126.449791,  -126.243423,  -11.018275,  -9.095636,  -7.288090,  -5.422994,  -42.008965,  -45.844326,  -50.270954,  -55.288857,  7.816631,  7.985276,  10.384098,  13.898007,  19.457943,  20.428205,  21.331011,  22.233816,  1.185208,  0.685205,  0.603845,  -0.068787,  0.672630,  0.307543,  0.124993,  0.182550,  0.091272,  0.091260,  0.091280,  0.091274,  -0.000011,  0.000002,  0.000004,  0.000000,  -0.000004,  -0.000001,  0.000018,  0.000004,  -0.000008,  -0.000001,  -0.000002,  0.000002,  0.000009,  -0.000008,  -0.000005,  0.000000,  0.000002,  0.000004,  -0.000008,  -0.000003,  -7.757496,  -7.757492,  128.235016,  128.235016, 

 -128.235001,  7.757496,  7.757495,  7.757494,  7.757500,  7.757493,  7.757494,  7.757489,  7.757486,  20.992508,  20.992504,  20.992504,  3.183224,  2.909406,  2.635587,  2.361768,  4.562791,  4.701684,  4.931880,  5.253309,  61.144947,  64.307678,  67.355301,  49.352890,  -133.376999,  -125.558708,  -132.215515,  -138.872314,  2.737472,  2.973575,  7.146212,  10.727575,  9.350595,  12.142303,  13.751469,  13.062997,  1.617752,  0.992747,  0.137572,  -0.717595,  0.855174,  0.398807,  0.216280,  0.125001,  0.124984,  0.091257,  0.091273,  0.091281,  0.091256,  0.091266,  0.000019,  -0.000008,  0.000002,  -0.000003,  0.000003,  -0.000006,  0.000004,  -0.000003,  0.000003,  -0.000003,  -120.477516,  -107.242493,  7.757493,  7.757495, 

 20.992504,  -0.000004,  0.000000,  -0.000008,  0.000000,  -0.000008,  0.000008,  0.000000,  -0.000008,  0.000000,  0.000000,  0.000000,  0.000000,  0.000000,  0.000015,  -0.000015,  0.000000,  -0.000015,  0.000000,  0.000000,  -8.682129,  -16.895966,  -17.352310,  118.183815,  128.048050,  -128.259262,  -127.913994,  -127.568733,  5.164436,  9.567253,  13.706161,  17.936333,  -54.467461,  -61.580627,  -69.876343,  -79.297058,  6.007080,  6.310638,  11.074547,  15.838455,  20.235752,  23.733818,  4.465569,  5.598541,  2.574104,  1.300285,  0.320122,  -0.717621,  0.388901,  -0.101196,  0.307556,  0.216309,  0.124985,  0.125000,  0.033752,  0.091263,  0.091278,  0.091293,  0.091278,  0.091278,  149.227509,  -107.242493,  7.757494,  7.757488, 

 7.848766,  7.757492,  7.757496,  20.992508,  20.992508,  0.000000,  -0.000010,  0.000008,  -0.000001,  -0.000011,  0.000015,  0.000006,  -0.000004,  0.000005,  -0.000002,  0.000004,  -0.000003,  0.000004,  -0.000005,  0.000005,  -0.000003,  -120.477516,  -107.242508,  7.757497,  7.757495,  20.992512,  20.992508,  20.992500,  0.445057,  -0.193847,  -0.832741,  -1.471653,  2.820760,  3.007309,  3.376379,  3.928023,  77.327652,  82.970558,  88.383286,  93.795998,  -124.785446,  -141.295013,  -15.828388,  -26.945543,  0.870375,  1.890211,  6.721574,  12.668026,  10.652220,  13.741561,  16.172174,  17.420235,  3.006645,  2.131631,  1.560194,  -0.775132,  0.571421,  -0.067463,  -0.283716,  -0.375001,  -20.867504,  -7.632491,  128.360016,  128.268738, 

 127.860008,  128.360016,  128.360001,  -128.201279,  -128.201279,  7.791224,  7.848766,  7.848767,  21.083786,  21.083775,  21.083771,  0.000007,  -0.000004,  -0.000007,  0.000005,  0.000001,  -0.000002,  -0.000004,  -0.000007,  0.000005,  0.000003,  149.227509,  -107.242500,  7.757494,  20.992504,  20.992506,  0.000005,  -0.000004,  0.000002,  -0.000001,  0.000003,  -0.000007,  -0.000003,  0.000011,  -0.000028,  0.000002,  -11.420254,  -12.241741,  -13.063173,  -13.884588,  -1.928999,  -129.953644,  6.523024,  7.098464,  21.347149,  28.138863,  34.791679,  41.386940,  -66.834702,  -77.168121,  -90.015457,  -103.362778,  4.139986,  4.578454,  11.183637,  18.370178,  21.537376,  5.455654,  6.886267,  8.249420,  3.439176,  2.439176,  -19.898567,  -20.652584, 

 -18.519592,  -18.428329,  -19.807312,  -7.475113,  -5.854675,  129.373932,  127.985008,  127.893753,  -128.610001,  -128.701263,  -128.701294,  7.882500,  7.791229,  7.791222,  21.026222,  21.026245,  21.083771,  0.091278,  0.091278,  0.091278,  0.091263,  -20.992508,  -7.757492,  128.235016,  -128.235001,  -128.235016,  7.757496,  7.757492,  20.992508,  20.992508,  20.992500,  -0.000008,  0.000000,  0.000000,  0.000000,  0.000000,  0.000000,  0.000015,  -0.000031,  -0.000031,  0.000031,  28.750000,  7.757496,  20.992508,  -2.293106,  -3.297089,  -4.301086,  -5.305061,  1.078751,  1.312912,  1.912140,  2.602707,  93.510384,  101.633438,  109.377533,  117.155334,  -137.152679,  0.044962,  -35.284962,  -50.862465,  -0.347900,  0.158028,  7.354485,  15.142204, 

 0.786907,  2.384100,  9.056738,  18.550821,  17.930151,  2.088511,  4.864389,  -14.592348,  -4.852039,  -5.477050,  -7.038575,  127.926109,  130.320374,  129.407623,  -127.278641,  -127.461197,  -128.667542,  7.382497,  7.291225,  7.291222,  20.526234,  21.026224,  21.026230,  0.033730,  -7.723775,  -7.723767,  128.326294,  128.326279,  -128.143738,  -128.143738,  -128.143753,  7.757492,  7.757494,  20.992506,  20.992504,  20.992512,  -0.000021,  0.000003,  0.000012,  -0.000020,  0.000007,  128.235016,  128.235001,  -128.235016,  7.757494,  7.757491,  20.992508,  20.992496,  0.000007,  -0.000003,  -0.000005,  -0.000016,  -14.158441,  -15.344950,  -16.531528,  -17.718037,  -3.670979,  -123.890549,  12.725033,  26.765656,  37.438591,  46.801750,  55.819649,  64.746262, 

 73.611481,  83.474632,  93.141342,  102.601700,  -114.452194,  -128.587234,  -146.327469,  -29.257715,  17.291515,  -1.945055,  5.910126,  -6.203386,  -13.169708,  -6.197387,  8.755945,  10.998091,  -3.304427,  130.231720,  129.136459,  127.277306,  -127.207214,  -126.971115,  -127.187386,  -127.369919,  8.531308,  8.440041,  -13.610010,  -0.466266,  12.768741,  12.768738,  -8.315045,  128.268753,  128.268738,  -128.201279,  -128.201294,  -128.201279,  7.848767,  7.848763,  21.083778,  21.083782,  21.083763,  -20.992510,  -20.992495,  -7.757508,  128.235016,  128.235016,  -128.235016,  -128.235016,  7.757495,  7.757494,  20.992506,  20.992496,  0.000005,  -0.000005,  0.000008,  -0.000016,  -0.000001,  -7.757484,  128.235001,  -128.235016,  2.726232,  14.592168,  13.223089,  -9.138498, 

 10.028580,  -12.424294,  -13.884628,  -15.344986,  -3.038116,  -2.790085,  -1.994370,  134.976364,  -110.695312,  36.400429,  60.484699,  71.276413,  -56.535164,  -72.366661,  -92.279510,  -112.841164,  -0.488922,  -20.191765,  -11.677864,  -0.409966,  11.565544,  18.629135,  -0.529953,  1.827286,  132.471802,  131.596802,  128.670197,  -129.192719,  -127.024673,  -128.062378,  8.156303,  -12.369926,  -12.461197,  0.682526,  13.917557,  13.883820,  148.761230,  127.768738,  -128.701279,  -128.792557,  -128.792572,  7.791222,  7.791222,  7.791214,  0.033737,  0.033722,  13.326279,  -7.666229,  128.326279,  128.326279,  -128.143738,  -128.235016,  7.757500,  7.757492,  7.757500,  20.992508,  20.992493,  0.000000,  -20.992493,  -7.757507,  128.235016,  -128.235001,  -128.235001,  7.757496, 

 -128.235001,  7.757492,  7.757498,  20.992510,  20.992506,  20.992498,  -0.000012,  -20.992506,  -9.594235,  124.755356,  -133.357544,  -135.000427,  7.727095,  21.233986,  22.144775,  2.154320,  89.702911,  102.137520,  114.135590,  126.052299,  -126.819427,  -144.323547,  -30.474070,  -40.030899,  -5.568079,  -24.669746,  -15.507017,  9.654608,  1.458202,  8.728154,  148.966782,  150.232742,  132.904343,  131.904358,  -126.617279,  -129.307816,  -147.834625,  -13.028656,  -0.101183,  0.307544,  0.273813,  150.001343,  149.910065,  149.910065,  -106.593697,  -127.586197,  -128.701279,  7.291222,  -13.792555,  -13.792553,  -0.557545,  13.268727,  149.261246,  149.261246,  128.268738,  -128.201279,  -128.143723,  7.848769,  7.848765,  7.848756,  0.091271,  13.235009,  13.235016,  128.235001, 

 13.326278,  149.318771,  128.235001,  -128.235001,  -128.235001,  -128.235016,  7.757496,  7.757490,  20.992504,  -0.000001,  13.234991,  -7.757496,  128.235016,  -128.235016,  -128.235001,  7.757493,  -5.944592,  5.464986,  3.639542,  1.814114,  -4.780153,  -4.484455,  132.533920,  -122.818954,  -94.512604,  55.063313,  68.335197,  94.635735,  -47.909889,  -87.954155,  -132.877411,  -157.841873,  -23.290977,  -21.332680,  2.190050,  15.356763,  12.343356,  136.434769,  139.089615,  142.268295,  132.836899,  -145.841904,  -147.427246,  -149.776505,  -134.532166,  0.240085,  -0.009912,  135.708771,  149.501343,  149.410065,  149.318787,  -106.559967,  -148.544983,  -148.578705,  -12.586194,  0.648818,  -0.466277,  148.669983,  148.669952,  148.669968,  -128.792542,  -128.201279,  -128.201279,  -13.201283, 

 -128.792542,  -149.785065,  -13.201286,  0.033722,  0.033722,  13.268723,  149.261246,  149.318787,  -128.143738,  -128.143738,  -128.143707,  7.848763,  -13.235001,  0.000000,  13.234985,  149.227539,  128.235016,  -128.235016,  -128.235016,  -128.235001,  7.757492,  7.757492,  0.000000,  13.235001,  8.660095,  121.652107,  119.644135,  -138.833878,  -130.007416,  6.304596,  7.354263,  21.821518,  126.878136,  120.709145,  135.163544,  149.411636,  -139.220383,  -44.968582,  -70.980675,  -85.089134,  -7.377632,  -13.109383,  -2.162918,  11.537521,  3.351105,  148.026276,  150.796234,  133.097473,  -144.193100,  -145.443085,  -147.210999,  -136.599030,  2.166702,  0.331360,  135.867493,  135.742508,  148.852509,  -128.052460,  -128.052460,  -149.136261,  0.091270,  0.591263,  0.648788,  136.641327, 

 0.091272,  0.091274,  136.641327,  149.876312,  149.876328,  -106.593681,  -127.586197,  -149.785065,  -0.557542,  -0.557541,  -0.557539,  148.669983,  149.261230,  149.261246,  -128.201279,  -149.193787,  -13.201286,  0.091271,  0.091247,  13.326285,  149.318787,  149.318787,  -128.235001,  -128.235001,  -128.235016,  -13.235010,  -13.235005,  13.235002,  13.235012,  149.227509,  128.235016,  -128.235016,  -144.675247,  -10.873278,  -13.063807,  -2.019316,  14.470339,  129.813660,  130.978424,  -124.144264,  -78.329887,  73.726204,  89.329445,  118.086342,  -60.368393,  -124.682961,  -152.925247,  -181.816345,  -11.865519,  -9.772311,  2.356687,  30.474689,  149.579941,  138.625275,  122.224174,  123.926651,  -143.236740,  -131.900558,  -134.442261,  -0.515271,  138.375473,  137.472672,  135.958771,  127.985001, 

 138.466751,  137.063934,  114.966270,  -128.393723,  -128.576279,  -115.432541,  -115.466255,  0.182547,  136.083771,  136.083771,  149.227509,  -128.177460,  -127.586182,  -127.586197,  0.648816,  0.648816,  136.550034,  135.434952,  148.669968,  -107.800049,  -128.792557,  -149.785034,  0.033721,  0.033722,  0.033739,  149.261230,  149.261230,  -107.151230,  -128.143738,  -149.136246,  -13.143742,  0.091276,  0.000004,  149.227509,  149.227524,  -128.235001,  -128.235001,  -13.235010,  -13.235010,  -0.000010,  5.921936,  139.541382,  137.168289,  -142.667282,  -131.749451,  4.610212,  5.890061,  20.496204,  143.060822,  160.364517,  156.157806,  -83.607780,  -172.580139,  -60.647350,  -90.586067,  -109.006050,  4.672821,  -14.192738,  -1.472471,  150.061737,  119.595177,  130.281845,  133.930771,  -120.130409, 

 125.037758,  135.190689,  119.087204,  -122.272675,  -129.944183,  -131.477936,  -134.817261,  134.828415,  117.656776,  116.162704,  -126.971100,  -115.125008,  -115.341270,  -115.432510,  135.468674,  135.526230,  115.033730,  128.326294,  -128.143753,  -114.999992,  -114.942467,  0.057541,  136.641312,  136.641327,  149.876343,  -127.677452,  -127.677475,  -115.557541,  -0.557549,  -0.557556,  135.434967,  148.669952,  149.261230,  -128.201279,  -128.201279,  0.033722,  0.033722,  136.083771,  149.318787,  149.318787,  -107.151230,  -149.136246,  -149.227539,  -0.000015,  0.000000,  149.227524,  149.227493,  -107.242493,  -147.413422,  -149.969025,  -16.532127,  -5.852737,  12.728333,  149.111786,  150.415466,  -125.469574,  -62.238457,  92.297813,  110.357422,  120.453171,  -93.728134,  -119.426781,  -172.530624,  -192.589508, 

 -149.879639,  -176.602097,  -73.336014,  -95.101257,  1.228476,  2.932785,  18.075672,  128.716156,  114.930412,  125.789688,  -112.498741,  -108.744629,  -129.511658,  -131.170380,  117.472878,  113.244614,  117.781792,  -140.216034,  -114.293655,  -113.918640,  -115.158722,  156.735001,  114.567451,  114.533722,  -141.936279,  -114.966263,  -114.966263,  -114.908745,  135.992508,  136.050064,  115.057541,  -128.177460,  -127.586182,  -114.351181,  -114.442459,  136.550034,  136.550049,  114.442459,  -128.792557,  -128.792542,  -115.557549,  -0.557549,  0.033732,  136.026230,  149.261230,  -128.201279,  -128.201279,  -135.901230,  0.091269,  0.091277,  136.083771,  149.318787,  -107.242508,  -128.235016,  -149.227509,  0.000000,  -10.051241,  136.438126,  133.699966,  -125.508202,  -133.491455,  -133.076691,  4.334576,  5.935884, 

 0.126154,  0.598491,  137.976028,  152.961151,  -61.144855,  -61.704685,  -41.962547,  92.755791,  -84.205116,  -99.331451,  -121.053055,  -178.742264,  -16.494423,  -14.722663,  115.430145,  146.629501,  126.930664,  150.616211,  -121.260834,  -117.973000,  -129.670380,  -16.454121,  117.006584,  113.187080,  130.016800,  -126.947311,  -114.293640,  -114.509911,  136.891296,  114.750000,  114.658722,  -128.667542,  -115.466278,  -115.557541,  -114.966301,  136.026245,  114.942459,  114.999992,  -114.942459,  -114.942444,  -114.942459,  157.042557,  136.641312,  115.557533,  -127.677467,  -114.442444,  -114.442459,  20.434965,  135.434952,  135.434967,  114.442459,  -128.792542,  -114.966263,  -114.966278,  0.033731,  136.026230,  136.026230,  -128.143738,  -128.143738,  -114.908737,  0.091266,  0.091273,  135.992508,  149.227509, 

 136.083786,  136.083771,  128.326294,  -128.235016,  -121.856728,  -9.868690,  -12.880676,  120.099869,  144.603912,  -111.369965,  -109.869843,  6.904106,  126.018356,  147.691116,  160.915863,  -74.653275,  -141.345612,  -192.280853,  -80.206390,  -119.166985,  -0.581085,  -19.734367,  111.600990,  131.339142,  116.323326,  142.330307,  -108.962975,  -106.151314,  -13.180305,  119.845932,  117.131599,  127.537186,  -126.270683,  -114.212280,  -114.202377,  0.581360,  136.982605,  115.865082,  -128.576294,  -115.341270,  -115.432526,  -0.375000,  135.434967,  115.033707,  -128.201279,  -115.057556,  -115.057533,  21.050049,  136.050049,  115.057549,  115.057541,  -114.942459,  -114.442451,  -114.442459,  136.550049,  115.557526,  115.557526,  -115.557556,  -115.557541,  -115.557556,  135.434952,  135.434967,  115.033722,  -128.201294, 

 114.442459,  114.442451,  -128.792542,  -114.966263,  -114.966286,  136.026230,  136.026215,  115.033737,  -128.143738,  -114.908722,  -114.908730,  136.083771,  117.361717,  127.310928,  -132.353592,  -122.313080,  -137.608368,  -1.095899,  136.511826,  151.635849,  -44.962151,  -22.049294,  94.122978,  116.115128,  -96.572342,  -115.067764,  -140.567154,  -181.666672,  -39.354023,  98.602692,  116.120583,  149.103683,  140.443466,  -123.449409,  -118.248863,  -136.314606,  -13.339020,  120.095917,  130.549149,  -129.581665,  -125.030579,  -135.704773,  0.297625,  136.516327,  149.626343,  -127.336197,  -127.369934,  -136.333755,  -0.432541,  135.617508,  114.533722,  -128.701279,  -114.966278,  -114.966270,  135.934952,  135.934967,  115.000008,  -128.177460,  -114.942467,  -114.942444,  136.050034,  114.966278,  115.557533,  -127.677467, 

 136.050049,  114.966270,  -128.268753,  -114.442459,  -114.442459,  136.550064,  115.557541,  115.557549,  -115.557549,  -115.557549,  -115.557541,  135.434967,  114.442451,  -141.436295,  -114.966278,  -114.966263,  21.026239,  136.026215,  115.091263,  -128.143738,  -124.503632,  -127.880669,  119.734787,  116.266434,  129.626892,  -113.064339,  -111.425323,  -109.421219,  142.201080,  145.361496,  181.943848,  -51.293941,  -153.655319,  -58.789631,  -99.754227,  -143.083908,  -23.440685,  115.174774,  111.767632,  146.457062,  131.393661,  -112.449158,  -127.443489,  13.205932,  -13.497761,  134.162308,  130.025330,  -129.581665,  -145.840530,  0.321449,  136.232590,  149.251328,  -106.843681,  -127.927475,  0.865086,  0.773819,  135.559967,  148.794983,  -128.610016,  -115.466270,  -0.466275,  136.117493,  135.934967,  128.177460, 

 -0.466263,  136.117493,  149.352509,  -128.292572,  -115.057541,  -0.057556,  135.992493,  135.992508,  -128.177475,  -128.177460,  -115.033707,  -0.033737,  135.958771,  128.792542,  -127.677475,  -114.442467,  21.550064,  136.550034,  114.442467,  -128.792542,  -115.557541,  -115.557541,  135.434967,  115.033730,  115.033722,  -114.966278,  -114.966263,  -114.966278,  114.623566,  111.063942,  -148.965668,  -126.055244,  -118.266586,  133.202209,  134.956329,  137.075516,  -28.779427,  -24.470192,  136.109711,  139.565704,  -109.030838,  -117.420250,  -160.706284,  -226.724899,  -41.072304,  96.870529,  128.930969,  164.279144,  142.278809,  -141.727585,  0.969460,  4.126389,  0.169800,  133.878571,  -147.312210,  -150.689255,  3.511971,  1.527802,  148.967575,  -107.218689,  -149.386261,  -12.927467,  0.807541,  136.766327, 

 -149.386246,  0.307545,  0.216279,  150.001343,  -106.468689,  -148.544968,  -0.432544,  -0.466277,  148.761230,  148.761246,  -128.110001,  -135.958771,  0.033726,  135.934967,  149.169968,  -128.235016,  -135.992508,  -0.000000,  136.050049,  149.193802,  -128.268738,  -115.033737,  -0.033729,  136.550034,  136.550049,  -127.677460,  -114.442459,  -114.442436,  135.434952,  135.434967,  127.677460,  -115.557556,  -115.557549,  136.026245,  136.026215,  115.033722,  -127.299309,  -131.041473,  1.266447,  133.516815,  127.976151,  -114.667450,  -112.798248,  -110.746529,  158.383804,  164.024399,  -53.440662,  -27.843344,  -166.113815,  -74.434677,  -140.352112,  -174.907135,  -24.567684,  113.533859,  125.693069,  148.988785,  -144.175949,  -130.193604,  12.084801,  8.781847,  137.209915,  113.193588,  -146.014572,  -14.696758, 

 137.426178,  -143.151428,  -146.572128,  -14.754307,  16.371979,  150.731522,  -127.288567,  -128.177460,  -13.393744,  -0.192459,  149.535065,  -106.434967,  -127.461197,  -12.552469,  0.682534,  148.794968,  -107.708771,  -128.701294,  -13.701285,  0.124991,  149.261246,  -107.208778,  -149.193787,  -0.057544,  0.000001,  149.227509,  -107.242500,  -128.235001,  -0.033726,  -0.033732,  135.958786,  -107.276237,  -128.268753,  0.557540,  0.557567,  136.550049,  -127.677467,  -127.677444,  -136.550049,  -0.557539,  135.434982,  -128.792557,  -128.792557,  -114.966263,  132.820358,  128.895676,  -139.256546,  -129.946213,  -120.008621,  152.591614,  133.492096,  -120.628540,  -12.596716,  -5.807306,  157.137695,  162.925064,  -108.254341,  -133.156555,  -201.212906,  -114.740593,  93.053101,  95.878418,  142.275085,  145.818344, 

 94.687904,  124.574532,  145.183685,  128.234467,  -149.431992,  3.604393,  22.125320,  27.925110,  116.866226,  -143.343887,  -10.988350,  -0.995483,  16.496979,  129.830261,  -127.312378,  8.338852,  -0.067459,  12.985016,  127.951279,  -128.018723,  -12.461189,  14.008820,  149.910065,  -127.552467,  -128.701294,  -13.701279,  12.768723,  148.761261,  -128.110016,  -149.193787,  0.033737,  13.268738,  149.261261,  -128.235016,  -149.227509,  0.000031,  149.227509,  149.136261,  -107.276230,  -149.261261,  -0.033737,  149.193787,  149.193771,  -127.677467,  0.557541,  0.557541,  149.785065,  -106.684967,  -128.792572,  -0.557549,  135.434967,  148.669952,  -143.863754,  -134.144699,  -2.259445,  129.625824,  147.169128,  -129.654419,  -114.353745,  24.011948,  174.657776,  182.687286,  -45.590157,  -4.484009, 

 189.746872,  -37.109856,  4.909015,  169.455185,  -64.412529,  -146.846298,  -183.962830,  -236.885849,  111.192520,  106.327797,  106.011917,  145.407715,  -137.431747,  -5.796608,  13.954501,  -2.295756,  116.707481,  -141.921249,  -10.772079,  -1.644297,  131.679504,  -127.139748,  8.680122,  21.607595,  13.167551,  127.985008,  -128.518738,  7.382495,  0.124997,  150.001328,  -127.552460,  -127.552467,  -12.552469,  12.768737,  148.761246,  -128.701279,  7.291227,  -13.201279,  13.268735,  149.261246,  -128.201294,  -13.201284,  0.091285,  149.227509,  -128.235016,  -149.227509,  -0.091270,  13.143744,  149.193802,  -128.268738,  -13.268737,  -0.033714,  149.193787,  -106.684967,  -148.669983,  0.557542,  0.557545,  149.785065,  -107.800072,  -149.785065,  -6.501579,  125.201157,  134.146393,  -147.014618, 

 123.558273,  132.412231,  -149.431335,  -4.584878,  11.809456,  148.431076,  -126.850723,  -124.304886,  18.617559,  185.612244,  215.636169,  -32.090118,  -142.454285,  -69.484406,  -122.214951,  -197.620544,  106.113365,  122.842339,  123.766541,  130.208649,  -11.546599,  18.438656,  5.259851,  -11.466571,  -139.330002,  -5.621216,  2.587931,  -22.545540,  132.385880,  8.886478,  22.006413,  0.615093,  128.667572,  -128.393723,  7.473765,  20.617500,  -8.132494,  129.008820,  -127.461197,  8.440035,  13.917561,  128.826279,  -128.701279,  7.291224,  -0.466273,  148.761230,  -128.201294,  -128.201294,  -13.201288,  13.268761,  128.268738,  -128.143738,  7.848767,  13.235004,  149.227509,  -128.326294,  -128.326294,  -13.326286,  13.201298,  149.193771,  -128.268738,  -13.268738,  -0.033727,  149.785065, 

 -13.268742,  -0.033727,  149.193787,  -128.268738,  -148.669983,  0.557535,  149.785049,  149.785065,  -130.426987,  -7.870667,  -12.434255,  132.229660,  -114.009079,  1.643849,  17.765940,  156.328064,  -29.605463,  -18.504513,  25.936977,  192.905807,  -97.772278,  -162.342514,  -203.476959,  -124.718987,  122.617989,  84.194382,  120.528664,  148.030731,  -0.627718,  -10.839755,  -4.026040,  136.938889,  -3.029944,  7.330052,  -18.222042,  -9.368072,  -124.459137,  8.977756,  21.448860,  -20.343693,  -127.802483,  8.656311,  20.742510,  -21.276234,  127.860016,  7.291223,  21.766323,  21.675060,  128.917542,  -127.552475,  8.406305,  20.526237,  -8.223772,  -128.701294,  7.291224,  21.026232,  13.268761,  128.268723,  -128.201279,  7.791224,  13.326279,  128.326279,  -128.143738,  7.757498, 

 0.000000,  0.000000,  0.000000,  0.000000,  0.000000,  0.000000,  0.000000,  0.000000,  0.000000,  0.000000,  0.000000,  0.000000,  0.000000,  0.000000,  0.000000,  0.000000,  0.000000,  0.000000,  0.000000,  0.000000,  0.000000,  0.000000,  0.000000,  0.000000,  0.000000,  0.000000,  0.000000,  0.000000,  0.000000,  0.000000,  0.000000,  0.000000,  0.000000,  0.000000,  0.000000,  0.000000,  0.000000,  0.000000,  0.000000,  0.000000,  0.000000,  0.000000,  0.000000,  0.000000,  0.000000,  0.000000,  0.000000,  0.000000,  0.000000,  0.000000,  0.000000,  0.000000,  0.000000,  0.000000,  0.000000,  0.000000,  0.000000,  0.000000,  0.000000,  0.000000,  0.000000,  0.000000,  0.000000,  0.000000, 

 0.000000,  0.000000,  0.000000,  0.000000,  0.000000,  0.000000,  0.000000,  0.000000,  0.000000,  0.000000,  0.000000,  0.000000,  0.000000,  0.000000,  0.000000,  0.000000,  0.000000,  0.000000,  0.000000,  0.000000,  0.000000,  0.000000,  0.000000,  0.000000,  0.000000,  0.000000,  0.000000,  0.000000,  0.000000,  0.000000,  0.000000,  0.000000,  0.000000,  0.000000,  0.000000,  0.000000,  0.000000,  0.000000,  0.000000,  0.000000,  0.000000,  0.000000,  0.000000,  0.000000,  0.000000,  0.000000,  0.000000,  0.000000,  0.000000,  0.000000,  0.000000,  0.000000,  0.000000,  0.000000,  0.000000,  0.000000,  0.000000,  0.000000,  0.000000,  0.000000,  0.000000,  0.000000,  0.000000,  0.000000, 

 0.000000,  0.000000,  0.000000,  0.000000,  0.000000,  0.000000,  0.000000,  0.000000,  0.000000,  0.000000,  0.000000,  0.000000,  0.000000,  0.000000,  0.000000,  0.000000,  0.000000,  0.000000,  0.000000,  0.000000,  0.000000,  0.000000,  0.000000,  0.000000,  0.000000,  0.000000,  0.000000,  0.000000,  0.000000,  0.000000,  0.000000,  0.000000,  0.000000,  0.000000,  0.000000,  0.000000,  0.000000,  0.000000,  0.000000,  0.000000,  0.000000,  0.000000,  0.000000,  0.000000,  0.000000,  0.000000,  0.000000,  0.000000,  0.000000,  0.000000,  0.000000,  0.000000,  0.000000,  0.000000,  0.000000,  0.000000,  0.000000,  0.000000,  0.000000,  0.000000,  0.000000,  0.000000,  0.000000,  0.000000, 

 0.000000,  0.000000,  0.000000,  0.000000,  0.000000,  0.000000,  0.000000,  0.000000,  0.000000,  0.000000,  0.000000,  0.000000,  0.000000,  0.000000,  0.000000,  0.000000,  0.000000,  0.000000,  0.000000,  0.000000,  0.000000,  0.000000,  0.000000,  0.000000,  0.000000,  0.000000,  0.000000,  0.000000,  0.000000,  0.000000,  0.000000,  0.000000,  0.000000,  0.000000,  0.000000,  0.000000,  0.000000,  0.000000,  0.000000,  0.000000,  0.000000,  0.000000,  0.000000,  0.000000,  0.000000,  0.000000,  0.000000,  0.000000,  0.000000,  0.000000,  0.000000,  0.000000,  0.000000,  0.000000,  0.000000,  0.000000,  0.000000,  0.000000,  0.000000,  0.000000,  0.000000,  0.000000,  0.000000,  0.000000,  
*************************
*********************FINISHED*********************
***************** 
